ProcessRunning,SP,PV,Kp,Ki,Kd,Error,PError,Integral,Derivative,Output
1,125,20,50,1,50,105,105,10500,105,10500
1,125,20,50,1,50,105,105,21000,0,5250
1,125,21,50,1,50,104,104,31400,-1,5150
1,125,21,50,1,50,104,104,41800,0,5200
1,125,23,50,1,50,102,102,52000,-2,5000
1,125,24,50,1,50,101,101,62100,-1,5000
1,125,26,50,1,50,99,99,72000,-2,4850
1,125,28,50,1,50,97,97,81700,-2,4750
1,125,30,50,1,50,95,95,91200,-2,4650
1,125,32,50,1,50,93,93,100500,-2,4550
1,125,35,50,1,50,90,90,109500,-3,4350
1,125,38,50,1,50,87,87,118200,-3,4200
1,125,40,50,1,50,85,85,126700,-2,4150
1,125,43,50,1,50,82,82,134900,-3,3950
1,125,45,50,1,50,80,80,142900,-2,3900
1,125,49,50,1,50,76,76,150500,-4,3600
1,125,52,50,1,50,73,73,157800,-3,3500
1,125,55,50,1,50,70,70,164800,-3,3350
1,125,57,50,1,50,68,68,171600,-2,3300
1,125,60,50,1,50,65,65,178100,-3,3100
1,125,65,50,1,50,60,60,184100,-5,2750
1,125,68,50,1,50,57,57,189800,-3,2700
1,125,71,50,1,50,54,54,195200,-3,2550
1,125,74,50,1,50,51,51,200300,-3,2400
1,125,78,50,1,50,47,47,205000,-4,2150
1,125,81,50,1,50,44,44,209400,-3,2050
1,125,84,50,1,50,41,41,213500,-3,1900
1,125,87,50,1,50,38,38,217300,-3,1750
1,125,90,50,1,50,35,35,220800,-3,1600
1,125,94,50,1,50,31,31,223900,-4,1350
1,125,97,50,1,50,28,28,226700,-3,1250
1,125,100,50,1,50,25,25,229200,-3,1100
1,125,102,50,1,50,23,23,231500,-2,1050
1,125,106,50,1,50,19,19,233400,-4,750
1,125,109,50,1,50,16,16,235000,-3,650
1,125,112,50,1,50,13,13,236300,-3,500
1,125,114,50,1,50,11,11,237400,-2,450
1,125,117,50,1,50,8,8,238200,-3,250
1,125,120,50,1,50,5,5,238700,-3,100
1,125,123,50,1,50,2,2,238900,-3,-50
1,125,125,50,1,50,0,0,238900,-2,-100
1,125,127,50,1,50,-2,-2,238700,-2,-200
1,125,129,50,1,50,-4,-4,238300,-2,-300
1,125,130,50,1,50,-5,-5,237800,-1,-300
1,125,130,50,1,50,-5,-5,237300,0,-250
1,125,130,50,1,50,-5,-5,236800,0,-250
1,125,130,50,1,50,-5,-5,236300,0,-250
1,125,130,50,1,50,-5,-5,235800,0,-250
1,125,129,50,1,50,-4,-4,235400,1,-150
1,125,128,50,1,50,-3,-3,235100,1,-100
1,125,128,50,1,50,-3,-3,234800,0,-150
1,125,126,50,1,50,-1,-1,234700,2,50
1,125,126,50,1,50,-1,-1,234600,0,-50
1,125,125,50,1,50,0,0,234600,1,50
1,125,125,50,1,50,0,0,234600,0,0
1,125,125,50,1,50,0,0,234600,0,0
1,125,125,50,1,50,0,0,234600,0,0
1,125,125,50,1,50,0,0,234600,0,0
1,125,125,50,1,50,0,0,234600,0,0
1,125,124,50,1,50,1,1,234700,1,100
1,125,123,50,1,50,2,2,234900,1,150
1,125,123,50,1,50,2,2,235100,0,100
1,125,123,50,1,50,2,2,235300,0,100
1,125,124,50,1,50,1,1,235400,-1,0
1,125,125,50,1,50,0,0,235400,-1,-50
1,125,126,50,1,50,-1,-1,235300,-1,-100
1,125,127,50,1,50,-2,-2,235100,-1,-150
1,125,127,50,1,50,-2,-2,234900,0,-100
1,125,127,50,1,50,-2,-2,234700,0,-100
1,125,127,50,1,50,-2,-2,234500,0,-100
1,125,126,50,1,50,-1,-1,234400,1,0
1,125,126,50,1,50,-1,-1,234300,0,-50
1,125,125,50,1,50,0,0,234300,1,50
1,125,124,50,1,50,1,1,234400,1,100
1,125,123,50,1,50,2,2,234600,1,150
1,125,123,50,1,50,2,2,234800,0,100
1,125,124,50,1,50,1,1,234900,-1,0
1,125,125,50,1,50,0,0,234900,-1,-50
1,125,126,50,1,50,-1,-1,234800,-1,-100
1,125,127,50,1,50,-2,-2,234600,-1,-150
1,125,127,50,1,50,-2,-2,234400,0,-100
1,125,127,50,1,50,-2,-2,234200,0,-100
1,125,127,50,1,50,-2,-2,234000,0,-100
1,125,126,50,1,50,-1,-1,233900,1,0
1,125,125,50,1,50,0,0,233900,1,50
1,125,124,50,1,50,1,1,234000,1,100
1,125,124,50,1,50,1,1,234100,0,50
1,125,124,50,1,50,1,1,234200,0,50
1,125,124,50,1,50,1,1,234300,0,50
1,125,125,50,1,50,0,0,234300,-1,-50
1,125,127,50,1,50,-2,-2,234100,-2,-200
1,125,128,50,1,50,-3,-3,233800,-1,-200
1,125,129,50,1,50,-4,-4,233400,-1,-250
1,125,130,50,1,50,-5,-5,232900,-1,-300
1,125,130,50,1,50,-5,-5,232400,0,-250
1,125,129,50,1,50,-4,-4,232000,1,-150
1,125,129,50,1,50,-4,-4,231600,0,-200
1,125,128,50,1,50,-3,-3,231300,1,-100
1,125,127,50,1,50,-2,-2,231100,1,-50
1,125,126,50,1,50,-1,-1,231000,1,0
1,125,126,50,1,50,-1,-1,230900,0,-50
1,125,124,50,1,50,1,1,231000,2,150
1,125,123,50,1,50,2,2,231200,1,150
1,125,123,50,1,50,2,2,231400,0,100
1,125,123,50,1,50,2,2,231600,0,100
1,125,123,50,1,50,2,2,231800,0,100
1,125,124,50,1,50,1,1,231900,-1,0
1,125,126,50,1,50,-1,-1,231800,-2,-150
1,125,127,50,1,50,-2,-2,231600,-1,-150
1,125,128,50,1,50,-3,-3,231300,-1,-200
1,125,128,50,1,50,-3,-3,231000,0,-150
1,125,128,50,1,50,-3,-3,230700,0,-150
1,125,128,50,1,50,-3,-3,230400,0,-150
1,125,127,50,1,50,-2,-2,230200,1,-50
1,125,127,50,1,50,-2,-2,230000,0,-100
1,125,126,50,1,50,-1,-1,229900,1,0
1,125,125,50,1,50,0,0,229900,1,50
1,125,124,50,1,50,1,1,230000,1,100
1,125,123,50,1,50,2,2,230200,1,150
1,125,123,50,1,50,2,2,230400,0,100
1,125,124,50,1,50,1,1,230500,-1,0
1,125,125,50,1,50,0,0,230500,-1,-50
1,125,126,50,1,50,-1,-1,230400,-1,-100
1,125,127,50,1,50,-2,-2,230200,-1,-150
1,125,127,50,1,50,-2,-2,230000,0,-100
1,125,127,50,1,50,-2,-2,229800,0,-100
1,125,127,50,1,50,-2,-2,229600,0,-100
1,125,126,50,1,50,-1,-1,229500,1,0
1,125,125,50,1,50,0,0,229500,1,50
1,125,124,50,1,50,1,1,229600,1,100
1,125,124,50,1,50,1,1,229700,0,50
1,125,124,50,1,50,1,1,229800,0,50
1,125,124,50,1,50,1,1,229900,0,50
1,125,126,50,1,50,-1,-1,229800,-2,-150
1,125,127,50,1,50,-2,-2,229600,-1,-150
1,125,129,50,1,50,-4,-4,229200,-2,-300
1,125,130,50,1,50,-5,-5,228700,-1,-300
1,125,130,50,1,50,-5,-5,228200,0,-250
1,125,130,50,1,50,-5,-5,227700,0,-250
1,125,129,50,1,50,-4,-4,227300,1,-150
1,125,129,50,1,50,-4,-4,226900,0,-200
1,125,128,50,1,50,-3,-3,226600,1,-100
1,125,127,50,1,50,-2,-2,226400,1,-50
1,125,127,50,1,50,-2,-2,226200,0,-100
1,125,126,50,1,50,-1,-1,226100,1,0
1,125,125,50,1,50,0,0,226100,1,50
1,125,124,50,1,50,1,1,226200,1,100
1,125,123,50,1,50,2,2,226400,1,150
1,125,123,50,1,50,2,2,226600,0,100
1,125,124,50,1,50,1,1,226700,-1,0
1,125,125,50,1,50,0,0,226700,-1,-50
1,125,126,50,1,50,-1,-1,226600,-1,-100
1,125,127,50,1,50,-2,-2,226400,-1,-150
1,125,127,50,1,50,-2,-2,226200,0,-100
1,125,127,50,1,50,-2,-2,226000,0,-100
1,125,126,50,1,50,-1,-1,225900,1,0
1,125,126,50,1,50,-1,-1,225800,0,-50
1,125,125,50,1,50,0,0,225800,1,50
1,125,124,50,1,50,1,1,225900,1,100
1,125,124,50,1,50,1,1,226000,0,50
1,125,124,50,1,50,1,1,226100,0,50
1,125,125,50,1,50,0,0,226100,-1,-50
1,125,126,50,1,50,-1,-1,226000,-1,-100
1,125,127,50,1,50,-2,-2,225800,-1,-150
1,125,128,50,1,50,-3,-3,225500,-1,-200
1,125,128,50,1,50,-3,-3,225200,0,-150
1,125,128,50,1,50,-3,-3,224900,0,-150
1,125,127,50,1,50,-2,-2,224700,1,-50
1,125,127,50,1,50,-2,-2,224500,0,-100
1,125,126,50,1,50,-1,-1,224400,1,0
1,125,125,50,1,50,0,0,224400,1,50
1,125,125,50,1,50,0,0,224400,0,0
1,125,124,50,1,50,1,1,224500,1,100
1,125,124,50,1,50,1,1,224600,0,50
1,125,124,50,1,50,1,1,224700,0,50
1,125,124,50,1,50,1,1,224800,0,50
1,125,125,50,1,50,0,0,224800,-1,-50
1,125,127,50,1,50,-2,-2,224600,-2,-200
1,125,128,50,1,50,-3,-3,224300,-1,-200
1,125,129,50,1,50,-4,-4,223900,-1,-250
1,125,129,50,1,50,-4,-4,223500,0,-200
1,125,129,50,1,50,-4,-4,223100,0,-200
1,125,129,50,1,50,-4,-4,222700,0,-200
1,125,128,50,1,50,-3,-3,222400,1,-100
1,125,127,50,1,50,-2,-2,222200,1,-50
1,125,127,50,1,50,-2,-2,222000,0,-100
1,125,126,50,1,50,-1,-1,221900,1,0
1,125,125,50,1,50,0,0,221900,1,50
1,125,124,50,1,50,1,1,222000,1,100
1,125,123,50,1,50,2,2,222200,1,150
1,125,123,50,1,50,2,2,222400,0,100
1,125,124,50,1,50,1,1,222500,-1,0
1,125,125,50,1,50,0,0,222500,-1,-50
1,125,126,50,1,50,-1,-1,222400,-1,-100
1,125,127,50,1,50,-2,-2,222200,-1,-150
1,125,127,50,1,50,-2,-2,222000,0,-100
1,125,127,50,1,50,-2,-2,221800,0,-100
1,125,127,50,1,50,-2,-2,221600,0,-100
1,125,126,50,1,50,-1,-1,221500,1,0
1,125,125,50,1,50,0,0,221500,1,50
1,125,125,50,1,50,0,0,221500,0,0
1,125,124,50,1,50,1,1,221600,1,100
1,125,124,50,1,50,1,1,221700,0,50
1,125,124,50,1,50,1,1,221800,0,50
1,125,124,50,1,50,1,1,221900,0,50
1,125,126,50,1,50,-1,-1,221800,-2,-150
1,125,127,50,1,50,-2,-2,221600,-1,-150
1,125,128,50,1,50,-3,-3,221300,-1,-200
1,125,129,50,1,50,-4,-4,220900,-1,-250
1,125,129,50,1,50,-4,-4,220500,0,-200
1,125,129,50,1,50,-4,-4,220100,0,-200
1,125,129,50,1,50,-4,-4,219700,0,-200
1,125,128,50,1,50,-3,-3,219400,1,-100
1,125,128,50,1,50,-3,-3,219100,0,-150
1,125,127,50,1,50,-2,-2,218900,1,-50
1,125,126,50,1,50,-1,-1,218800,1,0
1,125,125,50,1,50,0,0,218800,1,50
1,125,125,50,1,50,0,0,218800,0,0
1,125,124,50,1,50,1,1,218900,1,100
1,125,124,50,1,50,1,1,219000,0,50
1,125,124,50,1,50,1,1,219100,0,50
1,125,124,50,1,50,1,1,219200,0,50
1,125,125,50,1,50,0,0,219200,-1,-50
1,125,126,50,1,50,-1,-1,219100,-1,-100
1,125,128,50,1,50,-3,-3,218800,-2,-250
1,125,128,50,1,50,-3,-3,218500,0,-150
1,125,129,50,1,50,-4,-4,218100,-1,-250
1,125,129,50,1,50,-4,-4,217700,0,-200
1,125,128,50,1,50,-3,-3,217400,1,-100
1,125,128,50,1,50,-3,-3,217100,0,-150
1,125,127,50,1,50,-2,-2,216900,1,-50
1,125,127,50,1,50,-2,-2,216700,0,-100
1,125,126,50,1,50,-1,-1,216600,1,0
1,125,125,50,1,50,0,0,216600,1,50
1,125,124,50,1,50,1,1,216700,1,100
1,125,123,50,1,50,2,2,216900,1,150
1,125,123,50,1,50,2,2,217100,0,100
1,125,124,50,1,50,1,1,217200,-1,0
1,125,125,50,1,50,0,0,217200,-1,-50
1,125,126,50,1,50,-1,-1,217100,-1,-100
1,125,127,50,1,50,-2,-2,216900,-1,-150
1,125,127,50,1,50,-2,-2,216700,0,-100
1,125,127,50,1,50,-2,-2,216500,0,-100
1,125,127,50,1,50,-2,-2,216300,0,-100
1,125,126,50,1,50,-1,-1,216200,1,0
1,125,126,50,1,50,-1,-1,216100,0,-50
1,125,125,50,1,50,0,0,216100,1,50
1,125,124,50,1,50,1,1,216200,1,100
1,125,123,50,1,50,2,2,216400,1,150
1,125,123,50,1,50,2,2,216600,0,100
1,125,124,50,1,50,1,1,216700,-1,0
1,125,125,50,1,50,0,0,216700,-1,-50
1,125,127,50,1,50,-2,-2,216500,-2,-200
1,125,127,50,1,50,-2,-2,216300,0,-100
1,125,128,50,1,50,-3,-3,216000,-1,-200
1,125,127,50,1,50,-2,-2,215800,1,-50
1,125,127,50,1,50,-2,-2,215600,0,-100
1,125,127,50,1,50,-2,-2,215400,0,-100
1,125,126,50,1,50,-1,-1,215300,1,0
1,125,125,50,1,50,0,0,215300,1,50
1,125,124,50,1,50,1,1,215400,1,100
1,125,124,50,1,50,1,1,215500,0,50
1,125,124,50,1,50,1,1,215600,0,50
1,125,124,50,1,50,1,1,215700,0,50
1,125,126,50,1,50,-1,-1,215600,-2,-150
1,125,127,50,1,50,-2,-2,215400,-1,-150
1,125,128,50,1,50,-3,-3,215100,-1,-200
1,125,129,50,1,50,-4,-4,214700,-1,-250
1,125,130,50,1,50,-5,-5,214200,-1,-300
1,125,130,50,1,50,-5,-5,213700,0,-250
1,125,129,50,1,50,-4,-4,213300,1,-150
1,125,129,50,1,50,-4,-4,212900,0,-200
1,125,128,50,1,50,-3,-3,212600,1,-100
1,125,128,50,1,50,-3,-3,212300,0,-150
1,125,127,50,1,50,-2,-2,212100,1,-50
1,125,126,50,1,50,-1,-1,212000,1,0
1,125,125,50,1,50,0,0,212000,1,50
1,125,124,50,1,50,1,1,212100,1,100
1,125,123,50,1,50,2,2,212300,1,150
1,125,124,50,1,50,1,1,212400,-1,0
1,125,124,50,1,50,1,1,212500,0,50
1,125,125,50,1,50,0,0,212500,-1,-50
1,125,126,50,1,50,-1,-1,212400,-1,-100
1,125,127,50,1,50,-2,-2,212200,-1,-150
1,125,127,50,1,50,-2,-2,212000,0,-100
1,125,127,50,1,50,-2,-2,211800,0,-100
1,125,127,50,1,50,-2,-2,211600,0,-100
1,125,126,50,1,50,-1,-1,211500,1,0
1,125,126,50,1,50,-1,-1,211400,0,-50
1,125,125,50,1,50,0,0,211400,1,50
1,125,124,50,1,50,1,1,211500,1,100
1,125,124,50,1,50,1,1,211600,0,50
1,125,124,50,1,50,1,1,211700,0,50
1,125,124,50,1,50,1,1,211800,0,50
1,125,125,50,1,50,0,0,211800,-1,-50
1,125,127,50,1,50,-2,-2,211600,-2,-200
1,125,129,50,1,50,-4,-4,211200,-2,-300
1,125,129,50,1,50,-4,-4,210800,0,-200
1,125,130,50,1,50,-5,-5,210300,-1,-300
1,125,130,50,1,50,-5,-5,209800,0,-250
1,125,130,50,1,50,-5,-5,209300,0,-250
1,125,129,50,1,50,-4,-4,208900,1,-150
1,125,128,50,1,50,-3,-3,208600,1,-100
1,125,128,50,1,50,-3,-3,208300,0,-150
1,125,127,50,1,50,-2,-2,208100,1,-50
1,125,126,50,1,50,-1,-1,208000,1,0
1,125,125,50,1,50,0,0,208000,1,50
1,125,124,50,1,50,1,1,208100,1,100
1,125,123,50,1,50,2,2,208300,1,150
1,125,123,50,1,50,2,2,208500,0,100
1,125,124,50,1,50,1,1,208600,-1,0
1,125,125,50,1,50,0,0,208600,-1,-50
1,125,126,50,1,50,-1,-1,208500,-1,-100
1,125,127,50,1,50,-2,-2,208300,-1,-150
1,125,127,50,1,50,-2,-2,208100,0,-100
1,125,127,50,1,50,-2,-2,207900,0,-100
1,125,127,50,1,50,-2,-2,207700,0,-100
1,125,127,50,1,50,-2,-2,207500,0,-100
1,125,126,50,1,50,-1,-1,207400,1,0
1,125,125,50,1,50,0,0,207400,1,50
1,125,124,50,1,50,1,1,207500,1,100
1,125,124,50,1,50,1,1,207600,0,50
1,125,124,50,1,50,1,1,207700,0,50
1,125,125,50,1,50,0,0,207700,-1,-50
1,125,126,50,1,50,-1,-1,207600,-1,-100
1,125,127,50,1,50,-2,-2,207400,-1,-150
1,125,127,50,1,50,-2,-2,207200,0,-100
1,125,128,50,1,50,-3,-3,206900,-1,-200
1,125,128,50,1,50,-3,-3,206600,0,-150
1,125,127,50,1,50,-2,-2,206400,1,-50
1,125,127,50,1,50,-2,-2,206200,0,-100
1,125,126,50,1,50,-1,-1,206100,1,0
1,125,125,50,1,50,0,0,206100,1,50
1,125,125,50,1,50,0,0,206100,0,0
1,125,124,50,1,50,1,1,206200,1,100
1,125,124,50,1,50,1,1,206300,0,50
1,125,124,50,1,50,1,1,206400,0,50
1,125,125,50,1,50,0,0,206400,-1,-50
1,125,126,50,1,50,-1,-1,206300,-1,-100
1,125,127,50,1,50,-2,-2,206100,-1,-150
1,125,127,50,1,50,-2,-2,205900,0,-100
1,125,127,50,1,50,-2,-2,205700,0,-100
1,125,127,50,1,50,-2,-2,205500,0,-100
1,125,127,50,1,50,-2,-2,205300,0,-100
