ProcessRunning,SP,PV,Kp,Ki,Kd,Error,PError,Integral,Derivative,Output
1,80,76,180,50,80,4,4,4,4,1040
1,80,76,180,50,80,4,4,8,0,720
1,80,76,180,50,80,4,4,12,0,720
1,80,76,180,50,80,4,4,16,0,720
1,80,77,180,50,80,3,3,19,-1,460
1,80,79,180,50,80,1,1,20,-2,20
1,80,80,180,50,80,0,0,20,-1,-80
1,80,82,180,50,80,-2,-2,18,-2,-520
1,80,84,180,50,80,-4,-4,14,-2,-880
1,80,85,180,50,80,-5,-5,9,-1,-980
1,80,86,180,50,80,-6,-6,3,-1,-1160
1,80,86,180,50,80,-6,-6,-3,0,-1080
1,80,86,180,50,80,-6,-6,-9,0,-1080
1,80,86,180,50,80,-6,-6,-15,0,-1080
1,80,85,180,50,80,-5,-5,-20,1,-820
1,80,85,180,50,80,-5,-5,-25,0,-900
1,80,85,180,50,80,-5,-5,-30,0,-900
1,80,84,180,50,80,-4,-4,-34,1,-640
1,80,84,180,50,80,-4,-4,-38,0,-720
1,80,83,180,50,80,-3,-3,-41,1,-460
1,80,83,180,50,80,-3,-3,-44,0,-540
1,80,82,180,50,80,-2,-2,-46,1,-280
1,80,82,180,50,80,-2,-2,-48,0,-360
1,80,82,180,50,80,-2,-2,-50,0,-361
1,80,81,180,50,80,-1,-1,-51,1,-101
1,80,81,180,50,80,-1,-1,-52,0,-181
1,80,80,180,50,80,0,0,-52,1,79
1,80,79,180,50,80,1,1,-51,1,259
1,80,79,180,50,80,1,1,-50,0,179
1,80,80,180,50,80,0,0,-50,-1,-81
1,80,80,180,50,80,0,0,-50,0,-1
1,80,82,180,50,80,-2,-2,-52,-2,-521
1,80,83,180,50,80,-3,-3,-55,-1,-621
1,80,83,180,50,80,-3,-3,-58,0,-541
1,80,83,180,50,80,-3,-3,-61,0,-541
1,80,83,180,50,80,-3,-3,-64,0,-541
1,80,83,180,50,80,-3,-3,-67,0,-541
1,80,82,180,50,80,-2,-2,-69,1,-281
1,80,82,180,50,80,-2,-2,-71,0,-361
1,80,82,180,50,80,-2,-2,-73,0,-361
1,80,81,180,50,80,-1,-1,-74,1,-101
1,80,81,180,50,80,-1,-1,-75,0,-181
1,80,80,180,50,80,0,0,-75,1,79
1,80,80,180,50,80,0,0,-75,0,-1
1,80,80,180,50,80,0,0,-75,0,-1
1,80,80,180,50,80,0,0,-75,0,-1
1,80,80,180,50,80,0,0,-75,0,-1
1,80,80,180,50,80,0,0,-75,0,-1
1,80,80,180,50,80,0,0,-75,0,-1
1,80,79,180,50,80,1,1,-74,1,259
1,80,79,180,50,80,1,1,-73,0,179
1,80,79,180,50,80,1,1,-72,0,179
1,80,79,180,50,80,1,1,-71,0,179
1,80,80,180,50,80,0,0,-71,-1,-81
1,80,82,180,50,80,-2,-2,-73,-2,-521
1,80,83,180,50,80,-3,-3,-76,-1,-621
1,80,84,180,50,80,-4,-4,-80,-1,-801
1,80,84,180,50,80,-4,-4,-84,0,-721
1,80,85,180,50,80,-5,-5,-89,-1,-981
1,80,85,180,50,80,-5,-5,-94,0,-901
1,80,84,180,50,80,-4,-4,-98,1,-641
1,80,84,180,50,80,-4,-4,-102,0,-722
1,90,84,180,50,80,6,6,-96,10,1879
1,90,83,180,50,80,7,7,-89,1,1339
1,90,83,180,50,80,7,7,-82,0,1259
1,90,84,180,50,80,6,6,-76,-1,999
1,90,84,180,50,80,6,6,-70,0,1079
1,90,86,180,50,80,4,4,-66,-2,559
1,90,88,180,50,80,2,2,-64,-2,199
1,90,89,180,50,80,1,1,-63,-1,99
1,90,91,180,50,80,-1,-1,-64,-2,-341
1,90,94,180,50,80,-4,-4,-68,-3,-961
1,90,95,180,50,80,-5,-5,-73,-1,-981
1,90,96,180,50,80,-6,-6,-79,-1,-1161
1,90,97,180,50,80,-7,-7,-86,-1,-1341
1,90,97,180,50,80,-7,-7,-93,0,-1261
1,90,97,180,50,80,-7,-7,-100,0,-1262
1,90,97,180,50,80,-7,-7,-107,0,-1262
1,90,97,180,50,80,-7,-7,-114,0,-1262
1,90,97,180,50,80,-7,-7,-121,0,-1262
1,90,96,180,50,80,-6,-6,-127,1,-1002
1,90,96,180,50,80,-6,-6,-133,0,-1082
1,90,95,180,50,80,-5,-5,-138,1,-822
1,90,95,180,50,80,-5,-5,-143,0,-902
1,90,94,180,50,80,-4,-4,-147,1,-642
1,90,93,180,50,80,-3,-3,-150,1,-463
1,90,93,180,50,80,-3,-3,-153,0,-543
1,90,92,180,50,80,-2,-2,-155,1,-283
1,90,92,180,50,80,-2,-2,-157,0,-363
1,90,91,180,50,80,-1,-1,-158,1,-103
1,90,90,180,50,80,0,0,-158,1,77
1,90,90,180,50,80,0,0,-158,0,-3
1,90,89,180,50,80,1,1,-157,1,257
1,90,90,180,50,80,0,0,-157,-1,-83
1,90,90,180,50,80,0,0,-157,0,-3
1,90,90,180,50,80,0,0,-157,0,-3
1,90,90,180,50,80,0,0,-157,0,-3
1,90,90,180,50,80,0,0,-157,0,-3
1,90,90,180,50,80,0,0,-157,0,-3
1,90,90,180,50,80,0,0,-157,0,-3
1,90,89,180,50,80,1,1,-156,1,257
1,90,89,180,50,80,1,1,-155,0,177
1,90,89,180,50,80,1,1,-154,0,177
1,90,89,180,50,80,1,1,-153,0,177
1,90,90,180,50,80,0,0,-153,-1,-83
1,90,91,180,50,80,-1,-1,-154,-1,-263
1,90,92,180,50,80,-2,-2,-156,-1,-443
1,90,94,180,50,80,-4,-4,-160,-2,-883
1,90,94,180,50,80,-4,-4,-164,0,-723
1,90,94,180,50,80,-4,-4,-168,0,-723
1,90,94,180,50,80,-4,-4,-172,0,-723
1,90,94,180,50,80,-4,-4,-176,0,-723
1,90,93,180,50,80,-3,-3,-179,1,-463
1,90,93,180,50,80,-3,-3,-182,0,-543
1,90,92,180,50,80,-2,-2,-184,1,-283
1,90,92,180,50,80,-2,-2,-186,0,-363
1,90,91,180,50,80,-1,-1,-187,1,-103
1,90,91,180,50,80,-1,-1,-188,0,-183
1,90,90,180,50,80,0,0,-188,1,77
1,90,90,180,50,80,0,0,-188,0,-3
1,90,89,180,50,80,1,1,-187,1,257
1,90,89,180,50,80,1,1,-186,0,177
1,90,89,180,50,80,1,1,-185,0,177
1,90,90,180,50,80,0,0,-185,-1,-83
1,100,91,180,50,80,9,9,-176,9,2337
1,100,93,180,50,80,7,7,-169,-2,1097
1,100,94,180,50,80,6,6,-163,-1,997
1,100,95,180,50,80,5,5,-158,-1,817
1,100,96,180,50,80,4,4,-154,-1,637
1,100,98,180,50,80,2,2,-152,-2,197
1,100,100,180,50,80,0,0,-152,-2,-163
1,100,102,180,50,80,-2,-2,-154,-2,-523
1,100,103,180,50,80,-3,-3,-157,-1,-623
1,100,105,180,50,80,-5,-5,-162,-2,-1063
1,100,105,180,50,80,-5,-5,-167,0,-903
1,100,105,180,50,80,-5,-5,-172,0,-903
1,100,105,180,50,80,-5,-5,-177,0,-903
1,100,105,180,50,80,-5,-5,-182,0,-903
1,100,105,180,50,80,-5,-5,-187,0,-903
1,100,104,180,50,80,-4,-4,-191,1,-643
1,100,104,180,50,80,-4,-4,-195,0,-723
1,100,103,180,50,80,-3,-3,-198,1,-463
1,100,102,180,50,80,-2,-2,-200,1,-284
1,100,102,180,50,80,-2,-2,-202,0,-364
1,100,101,180,50,80,-1,-1,-203,1,-104
1,100,100,180,50,80,0,0,-203,1,76
1,100,100,180,50,80,0,0,-203,0,-4
1,100,99,180,50,80,1,1,-202,1,256
1,100,99,180,50,80,1,1,-201,0,176
1,100,99,180,50,80,1,1,-200,0,176
1,100,100,180,50,80,0,0,-200,-1,-84
1,100,101,180,50,80,-1,-1,-201,-1,-264
1,100,102,180,50,80,-2,-2,-203,-1,-444
1,100,103,180,50,80,-3,-3,-206,-1,-624
1,100,103,180,50,80,-3,-3,-209,0,-544
1,100,103,180,50,80,-3,-3,-212,0,-544
1,100,103,180,50,80,-3,-3,-215,0,-544
1,100,102,180,50,80,-2,-2,-217,1,-284
1,100,102,180,50,80,-2,-2,-219,0,-364
1,100,101,180,50,80,-1,-1,-220,1,-104
1,100,101,180,50,80,-1,-1,-221,0,-184
1,100,100,180,50,80,0,0,-221,1,76
1,100,99,180,50,80,1,1,-220,1,256
1,100,99,180,50,80,1,1,-219,0,176
1,100,99,180,50,80,1,1,-218,0,176
1,100,100,180,50,80,0,0,-218,-1,-84
1,100,102,180,50,80,-2,-2,-220,-2,-524
1,100,103,180,50,80,-3,-3,-223,-1,-624
1,100,103,180,50,80,-3,-3,-226,0,-544
1,100,104,180,50,80,-4,-4,-230,-1,-804
1,100,104,180,50,80,-4,-4,-234,0,-724
1,100,103,180,50,80,-3,-3,-237,1,-464
1,100,103,180,50,80,-3,-3,-240,0,-544
1,100,103,180,50,80,-3,-3,-243,0,-544
1,100,102,180,50,80,-2,-2,-245,1,-284
1,100,101,180,50,80,-1,-1,-246,1,-104
1,100,101,180,50,80,-1,-1,-247,0,-184
1,100,100,180,50,80,0,0,-247,1,76
1,100,100,180,50,80,0,0,-247,0,-4
1,100,99,180,50,80,1,1,-246,1,256
1,100,99,180,50,80,1,1,-245,0,176
1,100,99,180,50,80,1,1,-244,0,176
1,100,100,180,50,80,0,0,-244,-1,-84
1,100,101,180,50,80,-1,-1,-245,-1,-264
1,100,102,180,50,80,-2,-2,-247,-1,-444
1,100,103,180,50,80,-3,-3,-250,-1,-625
1,100,103,180,50,80,-3,-3,-253,0,-545
1,100,103,180,50,80,-3,-3,-256,0,-545
1,100,103,180,50,80,-3,-3,-259,0,-545
1,100,102,180,50,80,-2,-2,-261,1,-285
1,100,102,180,50,80,-2,-2,-263,0,-365
1,100,101,180,50,80,-1,-1,-264,1,-105
1,100,101,180,50,80,-1,-1,-265,0,-185
1,100,100,180,50,80,0,0,-265,1,75
1,100,99,180,50,80,1,1,-264,1,255
1,100,99,180,50,80,1,1,-263,0,175
1,100,99,180,50,80,1,1,-262,0,175
1,100,100,180,50,80,0,0,-262,-1,-85
1,100,102,180,50,80,-2,-2,-264,-2,-525
1,100,103,180,50,80,-3,-3,-267,-1,-625
1,100,103,180,50,80,-3,-3,-270,0,-545
1,100,104,180,50,80,-4,-4,-274,-1,-805
1,100,104,180,50,80,-4,-4,-278,0,-725
1,100,103,180,50,80,-3,-3,-281,1,-465
1,100,103,180,50,80,-3,-3,-284,0,-545
1,100,103,180,50,80,-3,-3,-287,0,-545
1,100,102,180,50,80,-2,-2,-289,1,-285
1,100,101,180,50,80,-1,-1,-290,1,-105
1,100,101,180,50,80,-1,-1,-291,0,-185
1,100,100,180,50,80,0,0,-291,1,75
1,100,100,180,50,80,0,0,-291,0,-5
1,100,99,180,50,80,1,1,-290,1,255
1,100,99,180,50,80,1,1,-289,0,175
1,100,99,180,50,80,1,1,-288,0,175
1,100,100,180,50,80,0,0,-288,-1,-85
1,100,101,180,50,80,-1,-1,-289,-1,-265
1,100,102,180,50,80,-2,-2,-291,-1,-445
1,100,103,180,50,80,-3,-3,-294,-1,-625
1,100,103,180,50,80,-3,-3,-297,0,-545
1,100,103,180,50,80,-3,-3,-300,0,-546
1,100,103,180,50,80,-3,-3,-303,0,-546
1,100,102,180,50,80,-2,-2,-305,1,-286
1,100,102,180,50,80,-2,-2,-307,0,-366
1,100,101,180,50,80,-1,-1,-308,1,-106
1,100,101,180,50,80,-1,-1,-309,0,-186
1,100,100,180,50,80,0,0,-309,1,74
1,100,99,180,50,80,1,1,-308,1,254
1,100,99,180,50,80,1,1,-307,0,174
1,100,99,180,50,80,1,1,-306,0,174
1,100,100,180,50,80,0,0,-306,-1,-86
1,100,102,180,50,80,-2,-2,-308,-2,-526
1,100,103,180,50,80,-3,-3,-311,-1,-626
1,100,103,180,50,80,-3,-3,-314,0,-546
1,100,104,180,50,80,-4,-4,-318,-1,-806
1,100,104,180,50,80,-4,-4,-322,0,-726
1,100,104,180,50,80,-4,-4,-326,0,-726
1,100,103,180,50,80,-3,-3,-329,1,-466
1,100,103,180,50,80,-3,-3,-332,0,-546
1,100,102,180,50,80,-2,-2,-334,1,-286
1,100,102,180,50,80,-2,-2,-336,0,-366
1,100,101,180,50,80,-1,-1,-337,1,-106
1,100,100,180,50,80,0,0,-337,1,74
1,100,100,180,50,80,0,0,-337,0,-6
1,100,99,180,50,80,1,1,-336,1,254
1,100,99,180,50,80,1,1,-335,0,174
1,100,99,180,50,80,1,1,-334,0,174
1,100,100,180,50,80,0,0,-334,-1,-86
1,100,101,180,50,80,-1,-1,-335,-1,-266
1,100,102,180,50,80,-2,-2,-337,-1,-446
1,100,103,180,50,80,-3,-3,-340,-1,-626
1,100,103,180,50,80,-3,-3,-343,0,-546
1,100,103,180,50,80,-3,-3,-346,0,-546
1,100,103,180,50,80,-3,-3,-349,0,-546
1,100,102,180,50,80,-2,-2,-351,1,-287
1,100,102,180,50,80,-2,-2,-353,0,-367
1,100,101,180,50,80,-1,-1,-354,1,-107
1,100,101,180,50,80,-1,-1,-355,0,-187
1,100,100,180,50,80,0,0,-355,1,73
1,100,100,180,50,80,0,0,-355,0,-7
1,100,99,180,50,80,1,1,-354,1,253
1,100,99,180,50,80,1,1,-353,0,173
1,100,99,180,50,80,1,1,-352,0,173
1,100,100,180,50,80,0,0,-352,-1,-87
1,100,101,180,50,80,-1,-1,-353,-1,-267
1,100,102,180,50,80,-2,-2,-355,-1,-447
1,100,103,180,50,80,-3,-3,-358,-1,-627
1,100,103,180,50,80,-3,-3,-361,0,-547
1,100,103,180,50,80,-3,-3,-364,0,-547
1,100,103,180,50,80,-3,-3,-367,0,-547
1,100,102,180,50,80,-2,-2,-369,1,-287
1,100,102,180,50,80,-2,-2,-371,0,-367
1,100,101,180,50,80,-1,-1,-372,1,-107
1,100,101,180,50,80,-1,-1,-373,0,-187
1,100,100,180,50,80,0,0,-373,1,73
1,100,100,180,50,80,0,0,-373,0,-7
1,100,99,180,50,80,1,1,-372,1,253
1,100,99,180,50,80,1,1,-371,0,173
1,100,99,180,50,80,1,1,-370,0,173
1,100,100,180,50,80,0,0,-370,-1,-87
1,100,101,180,50,80,-1,-1,-371,-1,-267
1,100,102,180,50,80,-2,-2,-373,-1,-447
1,100,103,180,50,80,-3,-3,-376,-1,-627
1,100,103,180,50,80,-3,-3,-379,0,-547
1,100,103,180,50,80,-3,-3,-382,0,-547
1,100,103,180,50,80,-3,-3,-385,0,-547
1,100,102,180,50,80,-2,-2,-387,1,-287
1,100,102,180,50,80,-2,-2,-389,0,-367
1,100,102,180,50,80,-2,-2,-391,0,-367
1,100,101,180,50,80,-1,-1,-392,1,-107
1,100,100,180,50,80,0,0,-392,1,73
1,100,100,180,50,80,0,0,-392,0,-7
1,100,99,180,50,80,1,1,-391,1,253
1,100,99,180,50,80,1,1,-390,0,173
1,100,99,180,50,80,1,1,-389,0,173
1,100,100,180,50,80,0,0,-389,-1,-87
1,100,101,180,50,80,-1,-1,-390,-1,-267
1,100,102,180,50,80,-2,-2,-392,-1,-447
1,100,103,180,50,80,-3,-3,-395,-1,-627
1,100,103,180,50,80,-3,-3,-398,0,-547
1,100,103,180,50,80,-3,-3,-401,0,-548
1,100,103,180,50,80,-3,-3,-404,0,-548
1,100,103,180,50,80,-3,-3,-407,0,-548
1,100,102,180,50,80,-2,-2,-409,1,-288
1,100,101,180,50,80,-1,-1,-410,1,-108
1,100,101,180,50,80,-1,-1,-411,0,-188
1,100,100,180,50,80,0,0,-411,1,72
1,100,100,180,50,80,0,0,-411,0,-8
1,100,99,180,50,80,1,1,-410,1,252
1,100,99,180,50,80,1,1,-409,0,172
1,100,99,180,50,80,1,1,-408,0,172
1,100,100,180,50,80,0,0,-408,-1,-88
1,100,101,180,50,80,-1,-1,-409,-1,-268
1,100,102,180,50,80,-2,-2,-411,-1,-448
1,100,103,180,50,80,-3,-3,-414,-1,-628
1,100,103,180,50,80,-3,-3,-417,0,-548
1,100,103,180,50,80,-3,-3,-420,0,-548
1,100,103,180,50,80,-3,-3,-423,0,-548
1,100,103,180,50,80,-3,-3,-426,0,-548
1,100,102,180,50,80,-2,-2,-428,1,-288
1,100,102,180,50,80,-2,-2,-430,0,-368
1,100,101,180,50,80,-1,-1,-431,1,-108
1,100,100,180,50,80,0,0,-431,1,72
1,100,100,180,50,80,0,0,-431,0,-8
1,100,99,180,50,80,1,1,-430,1,252
1,100,99,180,50,80,1,1,-429,0,172
1,100,100,180,50,80,0,0,-429,-1,-88
1,100,100,180,50,80,0,0,-429,0,-8
1,100,101,180,50,80,-1,-1,-430,-1,-268
1,100,101,180,50,80,-1,-1,-431,0,-188
1,100,102,180,50,80,-2,-2,-433,-1,-448
1,100,102,180,50,80,-2,-2,-435,0,-368
1,100,101,180,50,80,-1,-1,-436,1,-108
1,100,101,180,50,80,-1,-1,-437,0,-188
1,100,100,180,50,80,0,0,-437,1,72
1,100,100,180,50,80,0,0,-437,0,-8
1,100,99,180,50,80,1,1,-436,1,252
1,100,99,180,50,80,1,1,-435,0,172
1,100,99,180,50,80,1,1,-434,0,172
1,100,100,180,50,80,0,0,-434,-1,-88
1,100,101,180,50,80,-1,-1,-435,-1,-268
1,100,102,180,50,80,-2,-2,-437,-1,-448
1,100,103,180,50,80,-3,-3,-440,-1,-628
1,100,103,180,50,80,-3,-3,-443,0,-548
1,100,103,180,50,80,-3,-3,-446,0,-548
1,100,103,180,50,80,-3,-3,-449,0,-548
1,100,103,180,50,80,-3,-3,-452,0,-549
1,100,102,180,50,80,-2,-2,-454,1,-289
1,100,102,180,50,80,-2,-2,-456,0,-369
1,100,101,180,50,80,-1,-1,-457,1,-109
1,100,101,180,50,80,-1,-1,-458,0,-189
1,100,100,180,50,80,0,0,-458,1,71
1,100,99,180,50,80,1,1,-457,1,251
1,100,99,180,50,80,1,1,-456,0,171
1,100,99,180,50,80,1,1,-455,0,171
1,100,100,180,50,80,0,0,-455,-1,-89
1,100,101,180,50,80,-1,-1,-456,-1,-269
1,100,103,180,50,80,-3,-3,-459,-2,-709
1,100,103,180,50,80,-3,-3,-462,0,-549
1,100,104,180,50,80,-4,-4,-466,-1,-809
1,100,104,180,50,80,-4,-4,-470,0,-729
1,100,103,180,50,80,-3,-3,-473,1,-469
1,100,103,180,50,80,-3,-3,-476,0,-549
1,100,102,180,50,80,-2,-2,-478,1,-289
1,100,102,180,50,80,-2,-2,-480,0,-369
1,100,102,180,50,80,-2,-2,-482,0,-369
