ProcessRunning,SP,PV,Kp,Ki,Kd,Error,PError,Integral,Derivative,Output
1,40,30,220,140,170,10,10,10,10,3900
1,40,30,220,140,170,10,10,20,0,2200
1,40,30,220,140,170,10,10,30,0,2200
1,40,31,220,140,170,9,9,39,-1,1810
1,40,32,220,140,170,8,8,47,-1,1590
1,40,34,220,140,170,6,6,53,-2,980
1,40,35,220,140,170,5,5,58,-1,930
1,40,37,220,140,170,3,3,61,-2,320
1,40,39,220,140,170,1,1,62,-2,-120
1,40,42,220,140,170,-2,-2,60,-3,-950
1,40,43,220,140,170,-3,-3,57,-1,-830
1,40,45,220,140,170,-5,-5,52,-2,-1440
1,40,46,220,140,170,-6,-6,46,-1,-1490
1,40,47,220,140,170,-7,-7,39,-1,-1710
1,40,47,220,140,170,-7,-7,32,0,-1540
1,40,48,220,140,170,-8,-8,24,-1,-1930
1,40,48,220,140,170,-8,-8,16,0,-1760
1,40,48,220,140,170,-8,-8,8,0,-1760
1,40,48,220,140,170,-8,-8,0,0,-1760
1,40,48,220,140,170,-8,-8,-8,0,-1760
1,40,48,220,140,170,-8,-8,-16,0,-1760
1,40,48,220,140,170,-8,-8,-24,0,-1760
1,40,48,220,140,170,-8,-8,-32,0,-1760
1,40,48,220,140,170,-8,-8,-40,0,-1760
1,40,48,220,140,170,-8,-8,-48,0,-1760
1,40,48,220,140,170,-8,-8,-56,0,-1760
1,40,48,220,140,170,-8,-8,-64,0,-1760
1,40,48,220,140,170,-8,-8,-72,0,-1760
1,40,48,220,140,170,-8,-8,-80,0,-1760
1,40,48,220,140,170,-8,-8,-88,0,-1760
1,50,48,220,140,170,2,2,-86,10,2140
1,50,47,220,140,170,3,3,-83,1,830
1,50,48,220,140,170,2,2,-81,-1,270
1,50,48,220,140,170,2,2,-79,0,440
1,50,49,220,140,170,1,1,-78,-1,50
1,50,50,220,140,170,0,0,-78,-1,-170
1,50,52,220,140,170,-2,-2,-80,-2,-780
1,50,54,220,140,170,-4,-4,-84,-2,-1220
1,50,55,220,140,170,-5,-5,-89,-1,-1270
1,50,55,220,140,170,-5,-5,-94,0,-1100
1,50,56,220,140,170,-6,-6,-100,-1,-1490
1,50,57,220,140,170,-7,-7,-107,-1,-1710
1,50,57,220,140,170,-7,-7,-114,0,-1540
1,50,57,220,140,170,-7,-7,-121,0,-1540
1,50,57,220,140,170,-7,-7,-128,0,-1540
1,50,57,220,140,170,-7,-7,-135,0,-1540
1,50,57,220,140,170,-7,-7,-142,0,-1541
1,50,57,220,140,170,-7,-7,-149,0,-1541
1,50,56,220,140,170,-6,-6,-155,1,-1151
1,50,56,220,140,170,-6,-6,-161,0,-1321
1,50,56,220,140,170,-6,-6,-167,0,-1321
1,50,56,220,140,170,-6,-6,-173,0,-1321
1,50,56,220,140,170,-6,-6,-179,0,-1321
1,50,56,220,140,170,-6,-6,-185,0,-1321
1,50,55,220,140,170,-5,-5,-190,1,-931
1,50,55,220,140,170,-5,-5,-195,0,-1101
1,50,55,220,140,170,-5,-5,-200,0,-1101
1,50,55,220,140,170,-5,-5,-205,0,-1101
1,50,54,220,140,170,-4,-4,-209,1,-711
1,50,54,220,140,170,-4,-4,-213,0,-881
1,50,54,220,140,170,-4,-4,-217,0,-881
1,50,54,220,140,170,-4,-4,-221,0,-881
1,60,54,220,140,170,6,6,-215,10,3019
1,60,53,220,140,170,7,7,-208,1,1709
1,60,53,220,140,170,7,7,-201,0,1539
1,60,54,220,140,170,6,6,-195,-1,1149
1,60,55,220,140,170,5,5,-190,-1,929
1,60,56,220,140,170,4,4,-186,-1,709
1,60,58,220,140,170,2,2,-184,-2,99
1,60,59,220,140,170,1,1,-183,-1,49
1,60,61,220,140,170,-1,-1,-184,-2,-561
1,60,63,220,140,170,-3,-3,-187,-2,-1001
1,60,65,220,140,170,-5,-5,-192,-2,-1441
1,60,66,220,140,170,-6,-6,-198,-1,-1491
1,60,67,220,140,170,-7,-7,-205,-1,-1711
1,60,68,220,140,170,-8,-8,-213,-1,-1931
1,60,68,220,140,170,-8,-8,-221,0,-1761
1,60,68,220,140,170,-8,-8,-229,0,-1761
1,60,68,220,140,170,-8,-8,-237,0,-1761
1,60,68,220,140,170,-8,-8,-245,0,-1761
1,60,68,220,140,170,-8,-8,-253,0,-1761
1,60,68,220,140,170,-8,-8,-261,0,-1761
1,60,68,220,140,170,-8,-8,-269,0,-1761
1,60,68,220,140,170,-8,-8,-277,0,-1761
1,60,68,220,140,170,-8,-8,-285,0,-1762
1,60,67,220,140,170,-7,-7,-292,1,-1372
1,60,67,220,140,170,-7,-7,-299,0,-1542
1,60,67,220,140,170,-7,-7,-306,0,-1542
1,60,66,220,140,170,-6,-6,-312,1,-1152
1,60,66,220,140,170,-6,-6,-318,0,-1322
1,60,66,220,140,170,-6,-6,-324,0,-1322
1,60,66,220,140,170,-6,-6,-330,0,-1322
1,70,65,220,140,170,5,5,-325,11,2968
1,70,65,220,140,170,5,5,-320,0,1098
1,70,65,220,140,170,5,5,-315,0,1098
1,70,65,220,140,170,5,5,-310,0,1098
1,70,66,220,140,170,4,4,-306,-1,708
1,70,67,220,140,170,3,3,-303,-1,488
1,70,69,220,140,170,1,1,-302,-2,-122
1,70,71,220,140,170,-1,-1,-303,-2,-562
1,70,72,220,140,170,-2,-2,-305,-1,-612
1,70,73,220,140,170,-3,-3,-308,-1,-832
1,70,74,220,140,170,-4,-4,-312,-1,-1052
1,70,74,220,140,170,-4,-4,-316,0,-882
1,70,75,220,140,170,-5,-5,-321,-1,-1272
1,70,75,220,140,170,-5,-5,-326,0,-1102
1,70,75,220,140,170,-5,-5,-331,0,-1102
1,70,75,220,140,170,-5,-5,-336,0,-1102
1,70,74,220,140,170,-4,-4,-340,1,-712
1,70,74,220,140,170,-4,-4,-344,0,-882
1,70,74,220,140,170,-4,-4,-348,0,-882
1,70,74,220,140,170,-4,-4,-352,0,-882
1,70,73,220,140,170,-3,-3,-355,1,-492
1,70,73,220,140,170,-3,-3,-358,0,-662
1,70,72,220,140,170,-2,-2,-360,1,-272
1,70,72,220,140,170,-2,-2,-362,0,-442
1,70,72,220,140,170,-2,-2,-364,0,-442
1,70,71,220,140,170,-1,-1,-365,1,-52
1,70,71,220,140,170,-1,-1,-366,0,-222
1,70,71,220,140,170,-1,-1,-367,0,-222
1,70,70,220,140,170,0,0,-367,1,168
1,70,70,220,140,170,0,0,-367,0,-2
1,70,70,220,140,170,0,0,-367,0,-2
1,70,70,220,140,170,0,0,-367,0,-2
1,80,70,220,140,170,10,10,-357,10,3898
1,80,70,220,140,170,10,10,-347,0,2198
1,80,70,220,140,170,10,10,-337,0,2198
1,80,71,220,140,170,9,9,-328,-1,1808
1,80,71,220,140,170,9,9,-319,0,1978
1,80,73,220,140,170,7,7,-312,-2,1198
1,80,74,220,140,170,6,6,-306,-1,1148
1,80,76,220,140,170,4,4,-302,-2,538
1,80,78,220,140,170,2,2,-300,-2,98
1,80,80,220,140,170,0,0,-300,-2,-342
1,80,81,220,140,170,-1,-1,-301,-1,-392
1,80,84,220,140,170,-4,-4,-305,-3,-1392
1,80,85,220,140,170,-5,-5,-310,-1,-1272
1,80,86,220,140,170,-6,-6,-316,-1,-1492
1,80,86,220,140,170,-6,-6,-322,0,-1322
1,80,86,220,140,170,-6,-6,-328,0,-1322
1,80,86,220,140,170,-6,-6,-334,0,-1322
1,80,86,220,140,170,-6,-6,-340,0,-1322
1,80,86,220,140,170,-6,-6,-346,0,-1322
1,80,86,220,140,170,-6,-6,-352,0,-1322
1,80,85,220,140,170,-5,-5,-357,1,-932
1,80,85,220,140,170,-5,-5,-362,0,-1102
1,80,85,220,140,170,-5,-5,-367,0,-1102
1,80,84,220,140,170,-4,-4,-371,1,-712
1,80,84,220,140,170,-4,-4,-375,0,-882
1,80,83,220,140,170,-3,-3,-378,1,-492
1,80,83,220,140,170,-3,-3,-381,0,-662
1,80,83,220,140,170,-3,-3,-384,0,-662
1,80,82,220,140,170,-2,-2,-386,1,-272
1,90,82,220,140,170,8,8,-378,10,3458
1,90,81,220,140,170,9,9,-369,1,2148
1,90,81,220,140,170,9,9,-360,0,1978
1,90,81,220,140,170,9,9,-351,0,1978
1,90,82,220,140,170,8,8,-343,-1,1588
1,90,83,220,140,170,7,7,-336,-1,1368
1,90,85,220,140,170,5,5,-331,-2,758
1,90,86,220,140,170,4,4,-327,-1,708
1,90,88,220,140,170,2,2,-325,-2,98
1,90,89,220,140,170,1,1,-324,-1,48
1,90,92,220,140,170,-2,-2,-326,-3,-952
1,90,94,220,140,170,-4,-4,-330,-2,-1222
1,90,95,220,140,170,-5,-5,-335,-1,-1272
1,90,96,220,140,170,-6,-6,-341,-1,-1492
1,90,97,220,140,170,-7,-7,-348,-1,-1712
1,90,98,220,140,170,-8,-8,-356,-1,-1932
1,90,98,220,140,170,-8,-8,-364,0,-1762
1,90,98,220,140,170,-8,-8,-372,0,-1762
1,90,98,220,140,170,-8,-8,-380,0,-1762
1,90,97,220,140,170,-7,-7,-387,1,-1372
1,90,97,220,140,170,-7,-7,-394,0,-1542
1,90,97,220,140,170,-7,-7,-401,0,-1542
1,90,96,220,140,170,-6,-6,-407,1,-1152
1,90,96,220,140,170,-6,-6,-413,0,-1322
1,90,95,220,140,170,-5,-5,-418,1,-932
1,90,95,220,140,170,-5,-5,-423,0,-1103
1,90,94,220,140,170,-4,-4,-427,1,-713
1,90,94,220,140,170,-4,-4,-431,0,-883
1,90,93,220,140,170,-3,-3,-434,1,-493
1,90,93,220,140,170,-3,-3,-437,0,-663
1,90,92,220,140,170,-2,-2,-439,1,-273
1,90,91,220,140,170,-1,-1,-440,1,-53
1,90,91,220,140,170,-1,-1,-441,0,-223
1,100,90,220,140,170,10,10,-431,11,4067
1,100,90,220,140,170,10,10,-421,0,2197
1,100,89,220,140,170,11,11,-410,1,2588
1,100,89,220,140,170,11,11,-399,0,2418
1,100,90,220,140,170,10,10,-389,-1,2028
1,100,91,220,140,170,9,9,-380,-1,1808
1,100,93,220,140,170,7,7,-373,-2,1198
1,100,94,220,140,170,6,6,-367,-1,1148
1,100,96,220,140,170,4,4,-363,-2,538
1,100,98,220,140,170,2,2,-361,-2,98
1,100,99,220,140,170,1,1,-360,-1,48
1,100,101,220,140,170,-1,-1,-361,-2,-562
1,100,103,220,140,170,-3,-3,-364,-2,-1002
1,100,105,220,140,170,-5,-5,-369,-2,-1442
1,100,106,220,140,170,-6,-6,-375,-1,-1492
1,100,107,220,140,170,-7,-7,-382,-1,-1712
1,100,107,220,140,170,-7,-7,-389,0,-1542
1,100,107,220,140,170,-7,-7,-396,0,-1542
1,100,107,220,140,170,-7,-7,-403,0,-1542
1,100,107,220,140,170,-7,-7,-410,0,-1542
1,100,107,220,140,170,-7,-7,-417,0,-1542
1,100,106,220,140,170,-6,-6,-423,1,-1153
1,100,106,220,140,170,-6,-6,-429,0,-1323
1,100,105,220,140,170,-5,-5,-434,1,-933
1,100,105,220,140,170,-5,-5,-439,0,-1103
1,100,104,220,140,170,-4,-4,-443,1,-713
1,100,103,220,140,170,-3,-3,-446,1,-493
1,100,103,220,140,170,-3,-3,-449,0,-663
1,100,102,220,140,170,-2,-2,-451,1,-273
1,110,101,220,140,170,9,9,-442,11,3847
